{
 "cells": [
  {
   "cell_type": "markdown",
   "id": "e3052e7a-1f0a-4709-8744-2ff086ea8b08",
   "metadata": {},
   "source": [
    "# Notebook for creating general visualisations"
   ]
  },
  {
   "cell_type": "code",
   "execution_count": 1,
   "id": "5590168d-2203-4156-ae50-aad5b06ef49a",
   "metadata": {},
   "outputs": [],
   "source": [
    "import numpy as np\n",
    "import pandas as pd\n",
    "import os\n",
    "import sys\n",
    "import math\n",
    "\n",
    "AICOPE_PY_LIB = os.environ.get(\"AICOPE_PY_LIB\")\n",
    "if AICOPE_PY_LIB and AICOPE_PY_LIB not in sys.path: sys.path.append(AICOPE_PY_LIB)\n",
    "import importlib\n",
    "import aicnlp\n",
    "importlib.reload(aicnlp)\n",
    "\n",
    "from plotly.subplots import make_subplots\n",
    "import plotly.express as px\n",
    "import plotly.graph_objects as go\n",
    "import numpy as np\n",
    "import random\n",
    "\n",
    "%config Completer.use_jedi = False\n",
    "PACSIM_DATA = os.environ.get(\"AICOPE_SCRATCH\") + \"/pacsim\""
   ]
  },
  {
   "cell_type": "markdown",
   "id": "fcdad235-c268-4a3a-971e-a85789865092",
   "metadata": {},
   "source": [
    "### Matrix similarity methods"
   ]
  },
  {
   "cell_type": "code",
   "execution_count": 2,
   "id": "a28fe3a2-42f7-4d9d-9c4f-b28f97ef218b",
   "metadata": {},
   "outputs": [],
   "source": [
    "# functions for calculating similarities\n",
    "from aicnlp.similarity.matsim import rv2\n",
    "importlib.reload(rv2)\n",
    "rv2.calculate_rv2(None, [np.random.random((20, 40)).T, np.random.random((30, 40)).T], workers=1)[0,1]\n",
    "from aicnlp.similarity.matsim import mms\n",
    "mms.mms(np.random.random((20, 40)), np.random.random((30, 40)))\n",
    "from aicnlp.similarity.matsim import eds\n",
    "importlib.reload(eds)\n",
    "eds.eds(np.random.random((20, 40)), np.random.random((30, 40)))\n",
    "\n",
    "# import dtw\n",
    "\n",
    "def calculate_sims(p1, p2):\n",
    "    p1 += np.random.random(p1.shape)*0.001\n",
    "    p2 += np.random.random(p2.shape)*0.001\n",
    "    \n",
    "    results = []\n",
    "    \n",
    "    results.append(rv2.calculate_rv2(None, [p1.T, p2.T], workers=1)[0,1])\n",
    "    results.append(mms.mms(p1, p2))\n",
    "    edssim, path = eds.eds(p1, p2, return_path=True)\n",
    "    results.append(edssim)\n",
    "    \n",
    "    px = [pos[1] for pos in path]\n",
    "    py = [pos[0] for pos in path]\n",
    "    \n",
    "    # al = dtw.dtw(p1, p2)\n",
    "    # py = al.index1\n",
    "    # px = al.index2\n",
    "   \n",
    "    return mms.cosine_similarity(p1, p2), results, (px, py)"
   ]
  },
  {
   "cell_type": "code",
   "execution_count": 3,
   "id": "41059ab1-3319-4bee-a62e-c38c2c336c69",
   "metadata": {},
   "outputs": [],
   "source": [
    "# create patients with nonlinear similarity matrix\n",
    "def get_nonlinear(s, fcn):\n",
    "    out = []\n",
    "    curout = ([0], [])\n",
    "    lastr = 1\n",
    "    for c in range(s):\n",
    "        curr = fcn(c)\n",
    "        # print(c, curr)\n",
    "        if curr > lastr + 1:\n",
    "            out.append(curout)\n",
    "            curout = (list(range(lastr, math.floor(curr))), [c])\n",
    "            lastr = math.floor(curr)\n",
    "        else:\n",
    "            curout[1].append(c)\n",
    "    out.append(curout)\n",
    "            \n",
    "    return out\n",
    "            \n",
    "# get_nonlinear(20, lambda x: ((x/20)**0.42*20)+1)  "
   ]
  },
  {
   "cell_type": "code",
   "execution_count": 6,
   "id": "06fb3c82-f711-4425-97d3-df0c6c63392b",
   "metadata": {},
   "outputs": [],
   "source": [
    "# plotting function\n",
    "def make_plotshow(mats):\n",
    "    ncol = len(mats)+1\n",
    "    hcol = 5\n",
    "\n",
    "    fig = make_subplots(rows=2, cols=ncol,\n",
    "                        specs=[[{\"type\": \"image\"}]*ncol, [{\"type\": \"table\"}]*ncol] ,\n",
    "                        column_widths=[hcol] + [(100-hcol)/(ncol-1)]*(ncol-1),\n",
    "                        vertical_spacing=0.0,\n",
    "                       )\n",
    "    fig.add_table(\n",
    "        cells=dict(\n",
    "            values=[[\"rv2\",\"mms\", \"eds\"]],\n",
    "            fill_color='white',),\n",
    "        header=dict(\n",
    "            values=[\"\"],\n",
    "            fill_color='white')\n",
    "        ,row=2, col=1)\n",
    "\n",
    "    for i, (name, ps) in enumerate(mats.items()):\n",
    "        new_mat, results, path = calculate_sims(*ps)\n",
    "        results = [f\"{r:.2f}\" for r in results]\n",
    "        lastim = px.imshow(new_mat, color_continuous_scale='viridis',aspect=\"equal\", zmin=0, zmax=1)\n",
    "        fig.add_trace(lastim.data[0],  row=1, col=i+2)\n",
    "        fig.add_trace(\n",
    "            go.Scatter(\n",
    "                x=path[0], y=path[1],\n",
    "                mode='lines', marker_color=\"red\"\n",
    "            ),  row=1, col=i+2)\n",
    "        fig.add_table(\n",
    "            cells=dict(values=[results], fill_color='white',align=[\"center\"]),\n",
    "            header=dict(values=[name], fill_color='white'),\n",
    "            row=2, col=i+2,\n",
    "            \n",
    "            # height=500\n",
    "        )\n",
    "\n",
    "    fig.layout.coloraxis = lastim.layout.coloraxis   \n",
    "    fig.update_yaxes(scaleanchor = \"x3\", showgrid=False, autorange='reversed')\n",
    "    fig.update_xaxes(side=\"top\", scaleanchor = \"y3\", showgrid=False,  autorange=True)\n",
    "    \n",
    "    fig.update_layout(height=360, width=900, autosize=True, plot_bgcolor=\"white\", showlegend=False)\n",
    "    return fig"
   ]
  },
  {
   "cell_type": "code",
   "execution_count": 9,
   "id": "ae5c24d1-be20-4846-97b4-d6a4f87d641e",
   "metadata": {},
   "outputs": [
    {
     "data": {
      "application/vnd.plotly.v1+json": {
       "config": {
        "plotlyServerURL": "https://plot.ly"
       },
       "data": [
        {
         "cells": {
          "fill": {
           "color": "white"
          },
          "values": [
           [
            "rv2",
            "mms",
            "eds"
           ]
          ]
         },
         "domain": {
          "x": [
           0,
           0.04166666666666667
          ],
          "y": [
           0,
           0.5
          ]
         },
         "header": {
          "fill": {
           "color": "white"
          },
          "values": [
           ""
          ]
         },
         "type": "table"
        },
        {
         "coloraxis": "coloraxis",
         "hovertemplate": "x: %{x}<br>y: %{y}<br>color: %{z}<extra></extra>",
         "name": "0",
         "type": "heatmap",
         "xaxis": "x2",
         "yaxis": "y2",
         "z": [
          [
           0.999998459380424,
           0.0005104041023380782,
           0.001087839944059669,
           0.0009143855695690683,
           0.000480436799473015,
           0.001636750556851388,
           0.0017814743784394672,
           0.0007910842644121138,
           0.0012088996577247536,
           0.0007835952560551519,
           0.0010811313787958497,
           0.0012083925848194014,
           0.0008861613731282144,
           0.0009821961378683813,
           0.0009502294168623618,
           0.0017815156555128914,
           0.0008527820772126566,
           0.0008325065661373623,
           0.0016320705763040572,
           0.0014044377837788959
          ],
          [
           0.0009808943719662785,
           0.9999989339628218,
           0.0009706838399890337,
           0.0005496090544076601,
           0.00042149090402247575,
           0.001224705002585718,
           0.001597039534580464,
           0.001529390328127098,
           0.0017865888723763656,
           0.00028561812163742703,
           0.0016240758343669844,
           0.0009093165021319082,
           0.0009229807503811092,
           0.000366302795408264,
           0.0012863059438696174,
           0.0005006681295692975,
           0.000768270924458856,
           0.0007248201196134163,
           0.0007523606255944113,
           0.001512808704221558
          ],
          [
           0.0010710486711368076,
           0.0008167190422803115,
           0.9999984859284328,
           0.0006736783003770324,
           0.0002404474425120402,
           0.0002192253470351495,
           0.0002680604381855288,
           0.0008019114851567827,
           0.0007795879492936852,
           0.000770641247597833,
           0.0011930981937448024,
           0.0008422041522764071,
           0.0004808990993554987,
           0.00014982866828114287,
           0.0014350919134950477,
           0.0005394086390040988,
           0.0010459798798246756,
           0.001367702456981944,
           0.0011006929934207351,
           0.0010694024689275735
          ],
          [
           0.001693270997950522,
           0.0004969275118083036,
           0.0015861484258195612,
           0.9999985165198839,
           0.000989337287003263,
           0.000949194746118852,
           0.001613900429575184,
           0.0006352916524928203,
           0.0012827919079947518,
           0.001882103740060962,
           0.0007124924631019319,
           0.0005968607949790361,
           0.0005855824002583431,
           0.0013431834377493415,
           0.0007844664433603779,
           0.0011652182347292664,
           0.0009880899631091108,
           0.0014116643834919344,
           0.001620981242835628,
           0.0012350852385182287
          ],
          [
           0.00018564889285017913,
           0.0010556742133769966,
           0.0003666288923389166,
           0.0004814045419291907,
           0.9999986181047213,
           0.00047023834767142083,
           0.0018296899356201718,
           0.0007746960064289238,
           0.0007682401219505512,
           0.001273201498086638,
           0.001143477851255801,
           0.0008933427901524418,
           0.0010582108555045784,
           0.0006138130227622751,
           0.0005327018830025375,
           0.0005292926866549376,
           0.0007154705301228903,
           0.000773288893524217,
           0.00019706409278452236,
           0.0004893244096342234
          ],
          [
           0.0016504808663516683,
           0.0005595422946355728,
           0.0014462485087876572,
           0.00020267916117196246,
           0.0007937576239872284,
           0.9999979383793407,
           0.0009148312458318408,
           0.0007874672517012863,
           0.000827934570374703,
           0.0007506428886183755,
           0.0016700298551440723,
           0.0007352813140306693,
           0.0014078392186075964,
           0.0008910851743715607,
           0.0008668910624763993,
           0.0005492616557210176,
           0.0012864129909616541,
           0.000559892332276369,
           0.0015411863977894049,
           0.000903764164547424
          ],
          [
           0.0005517446055787226,
           0.0008063983294458411,
           0.0004621806974942774,
           0.001571574223389281,
           0.0006237189284147074,
           0.0009981910187039807,
           0.9999982606698968,
           0.000841258398203384,
           0.001140450236790093,
           0.0009344401827376944,
           0.0008837922298343027,
           0.001465561385595999,
           0.0005067285619545173,
           0.0015176859503342336,
           0.0011287124591432187,
           0.0010536136700502888,
           0.0012442565275674051,
           0.0013499444230728227,
           0.0004395325738256841,
           0.0015760479719852708
          ],
          [
           0.0010406008840997928,
           0.0007143621164404476,
           0.00023530883966181414,
           0.0007678093735461523,
           0.0012894197775712194,
           0.0010605584226707895,
           0.0007221572875353639,
           0.9999986695692752,
           0.0003981450677135486,
           0.0012003501590594037,
           0.0010287967736594041,
           0.0006230932158392085,
           0.00187850557736077,
           0.0006649676731001827,
           0.0006426446803397685,
           0.0012890605701402539,
           0.0003545138790716092,
           0.0012791136797758056,
           0.0011840999522017804,
           0.0011244555397102484
          ],
          [
           0.0013545573431709684,
           0.0007749720795367524,
           0.0006183513882539061,
           0.0004447165702587051,
           0.0013428502878283573,
           0.000804025288653346,
           0.0001804357441341854,
           0.0009922832219332882,
           0.9999987906350692,
           0.0005642831412755279,
           0.0005125935911226575,
           0.0006279774818297004,
           0.0016251822297042701,
           0.001179821168022819,
           0.0001686006723525379,
           0.001012617075173724,
           0.0014521236620523984,
           0.001194088627769118,
           0.0006813135644495586,
           0.0017426259350479998
          ],
          [
           0.0005445027642797049,
           0.0008045754602098571,
           0.0016362729574373428,
           0.0012613917095010932,
           0.000799694836018801,
           0.0003179766886390732,
           0.0007156723336337776,
           0.000673451477883,
           0.001434227638069176,
           0.9999983107800915,
           0.00099246421491385,
           0.000732341510076536,
           0.0008382436741389924,
           0.0015509492208318108,
           0.0011836632867431428,
           0.0010771148583779099,
           0.0010449080192312054,
           0.0006944869996817707,
           0.0007348965615923351,
           0.0003824945620677356
          ],
          [
           0.00036157760059951313,
           0.000669508941514143,
           0.0003571539910901433,
           0.0006166751368588462,
           0.0005915113059044271,
           0.0005545121539771844,
           0.0013046519075205181,
           0.0009554906823790405,
           0.0010310568261946856,
           0.0007461334677641263,
           0.9999980063115951,
           0.0008431581793997264,
           0.0009366413842421892,
           0.0011363585902710233,
           0.00033007729408074887,
           0.0015439114828956027,
           0.0009200577846286619,
           0.001155891634776106,
           0.0009648724275141352,
           0.0016715431963682515
          ],
          [
           0.0011027911433910337,
           0.001445868137360433,
           0.001786295696736641,
           0.0011859331648683255,
           0.001010603104911951,
           0.000246400284632479,
           0.0016523820367908744,
           0.0017602600113819158,
           0.0012343934259206307,
           0.0004329704111703913,
           0.0015027704964677374,
           0.9999985936805398,
           0.0014293570484826977,
           0.0011617652324837785,
           0.0015869687228301959,
           0.001161566201217101,
           0.0006200647170079812,
           0.0009354844188717485,
           0.0009002371604861603,
           0.0006530261737206784
          ],
          [
           0.0008760773623685212,
           0.0014861254676719585,
           0.0004027836293561116,
           0.000272582284577644,
           0.0009710992730006631,
           0.00015461365378200017,
           0.00024748430266292794,
           0.0009394841414307301,
           0.001329783731027507,
           0.0009018890774990135,
           0.0003960876029456338,
           0.0011767197701576034,
           0.9999988258512564,
           0.0006953903930574708,
           0.0014757445530834729,
           0.001498476442925425,
           0.0009896868864962443,
           0.0016981308648115368,
           0.000894880467373325,
           0.0014131557864887202
          ],
          [
           0.0012707891042299082,
           0.0008106632167009552,
           0.0008642547732486057,
           0.000513578364989787,
           0.0008401857966077442,
           0.0006755555778604788,
           0.0008904283733319713,
           0.0007319831896746619,
           0.00043631070773852504,
           0.0004739190852106674,
           0.0004844247548623284,
           0.0012896292490463459,
           0.0005140848363621083,
           0.9999986227656411,
           0.00164056103962264,
           0.00107212448696825,
           0.001526222451208581,
           0.0006147359197332196,
           0.001132975861398936,
           0.0009274051916371694
          ],
          [
           0.001162437114598227,
           0.0011271636498739928,
           0.0008687047640460713,
           0.0006709315516137032,
           0.0007627528027191463,
           0.0015024030174275683,
           0.0010104949817572595,
           0.0009440446155315008,
           0.000751737002267223,
           0.0014028657454798633,
           0.001158808688504067,
           0.0013516001025521219,
           0.0006934317891300479,
           0.0012123902454553213,
           0.9999983122850631,
           0.0011633259333492837,
           0.0015106966385684342,
           0.0016604790082549406,
           0.0008107568708532214,
           0.0006339348742780413
          ],
          [
           0.0007498360708259539,
           0.0013059927452409657,
           0.0014883492229774897,
           0.0015185427108148641,
           0.0011484962838623257,
           0.001402447924252324,
           0.0012607748922894174,
           0.0006277522185245542,
           0.001391466533725576,
           0.0014488301955179915,
           0.001591256494931277,
           0.0012061078374636864,
           0.0014699771157199214,
           0.0012813426730736883,
           0.0010994099357545728,
           0.9999987909715533,
           0.0007143890232488039,
           0.0009899469514851639,
           0.0006450026908990218,
           0.0015566694554331715
          ],
          [
           0.0011599264076732252,
           0.0015154290636832783,
           0.0008346071550664203,
           0.0010126469627397608,
           0.001442799146710194,
           0.0012461173640608506,
           0.0010150692627814502,
           0.00055215493354608,
           0.0015221345798495662,
           0.0012308044600233329,
           0.0019314957362518148,
           0.001667799154663944,
           0.001037912102484309,
           0.001461380419379296,
           0.0013935042568555221,
           0.0009844325392489028,
           0.99999914355674,
           0.0005563072636424372,
           0.001429876959275803,
           0.0013985527482614534
          ],
          [
           0.0014684437465290153,
           0.0011560009663804196,
           0.00035873948399075536,
           0.00142525999743843,
           0.0009508373910639761,
           0.0010234312510660215,
           0.000869847951945218,
           0.0008136376348072233,
           0.0011060685555775427,
           0.0009196201727690736,
           0.00102585338625134,
           0.0008857200381736672,
           0.0019107861452101788,
           0.0009102747039386527,
           0.0009297106543584604,
           0.00118620739229054,
           0.001334946964283476,
           0.9999991248382948,
           0.0005617451029938909,
           0.00029523105010338576
          ],
          [
           0.00027565847641750795,
           0.0003089140505938573,
           0.0010038869472906262,
           0.0009835100892555083,
           0.001211643637614331,
           0.001621023567574581,
           0.001153875824967485,
           0.0013655828976239118,
           0.0006956962102946964,
           0.0003740940937922443,
           0.001302604169506905,
           0.0004987150658567683,
           0.0011491305138710143,
           0.0008722931108016271,
           0.001050895766314121,
           0.0017988651485968238,
           0.0009233125270064642,
           0.0009375853073727054,
           0.999998830223356,
           0.0007237137309359166
          ],
          [
           0.0008635737190440695,
           0.00059615722489584,
           0.0010926304214001,
           0.0003357236200113033,
           0.0009127676088300795,
           0.0016967730724953597,
           0.0008208573098073377,
           0.001528026156304149,
           0.0012156924539090984,
           0.0012891256802410227,
           0.0010554221515791005,
           0.0005897351949225997,
           0.00140753184860112,
           0.0014343603951036887,
           0.0010747607816839408,
           0.0005209984254804186,
           0.0001731089946439977,
           0.0006603377628633669,
           0.0012802508696373206,
           0.9999977144011517
          ]
         ]
        },
        {
         "marker": {
          "color": "red"
         },
         "mode": "lines",
         "type": "scatter",
         "x": [
          19,
          18,
          17,
          16,
          15,
          14,
          13,
          12,
          11,
          10,
          9,
          8,
          7,
          6,
          5,
          4,
          3,
          2,
          1,
          0
         ],
         "xaxis": "x2",
         "y": [
          19,
          18,
          17,
          16,
          15,
          14,
          13,
          12,
          11,
          10,
          9,
          8,
          7,
          6,
          5,
          4,
          3,
          2,
          1,
          0
         ],
         "yaxis": "y2"
        },
        {
         "cells": {
          "align": [
           "center"
          ],
          "fill": {
           "color": "white"
          },
          "values": [
           [
            "0.88",
            "1.00",
            "1.00"
           ]
          ]
         },
         "domain": {
          "x": [
           0.07500000000000001,
           0.23333333333333336
          ],
          "y": [
           0,
           0.5
          ]
         },
         "header": {
          "fill": {
           "color": "white"
          },
          "values": [
           "Eye"
          ]
         },
         "type": "table"
        },
        {
         "coloraxis": "coloraxis",
         "hovertemplate": "x: %{x}<br>y: %{y}<br>color: %{z}<extra></extra>",
         "name": "0",
         "type": "heatmap",
         "xaxis": "x3",
         "yaxis": "y3",
         "z": [
          [
           0.001543501000087843,
           0.0006201244768269937,
           0.0016878628552244085,
           0.0016367178680034835,
           0.001265049034492715,
           0.9999985640041686,
           0.0012497981209258588,
           0.0006694294577490678,
           0.0008991951290557599,
           0.0013157972010599457,
           0.0011191624634889446,
           0.0012412766839850764,
           0.000981534837088194,
           0.0011637124010506436,
           0.0016243522475531964,
           0.0005358448179550798,
           0.0002685259683619809,
           0.0013506483134378292,
           0.0012159435833259187,
           0.0007517561647396155
          ],
          [
           0.0009415415875160596,
           0.0003258817415808357,
           0.0011751703808567113,
           0.0011736259805403336,
           0.0006427612279450211,
           0.0017462976294989442,
           0.9999987012950848,
           0.0006000998148427491,
           0.0015657748525839653,
           0.0006193961581938436,
           0.001361267496691127,
           0.0008552495380858858,
           0.0012364901148119655,
           0.0014134522685587756,
           0.0013302297291427339,
           0.0014357704933008319,
           0.001253894345074392,
           0.0010360850716660012,
           0.000785004043991009,
           0.001683340729813364
          ],
          [
           0.000973838070402468,
           0.0005506389771176815,
           0.00045597447003401263,
           0.0008253588318748076,
           0.0011783561598261204,
           0.0010365695424343446,
           0.0009496210813427873,
           0.9999984208528289,
           0.00039158262464927606,
           0.001005272142915746,
           0.0007911961021048677,
           0.000879670178053373,
           0.0009485230868474925,
           0.0006677555470951011,
           0.0016336539511166825,
           0.001642577951070871,
           0.0008473888738142198,
           0.0004779087700745088,
           0.001594429037869173,
           0.0007878322574702251
          ],
          [
           0.0012709532502032314,
           0.0007530660694811146,
           0.001297339583613076,
           0.0016223093741048193,
           0.0007151730698734695,
           0.00026674482014868016,
           0.000605686104011392,
           0.0010548718612049266,
           0.9999980563622934,
           0.0012862911350216481,
           0.0015851680869509292,
           0.001151435239235783,
           0.0006717884998185383,
           0.001611355339339199,
           0.0012774844708259255,
           0.0008588414828622902,
           0.0003332087923425767,
           0.0007224762252863992,
           0.0015532370389408257,
           0.0009745945144166457
          ],
          [
           0.0011177840115229123,
           0.0013352348988757122,
           7.523091651539585e-05,
           0.0011467150568360385,
           0.0010357909443307503,
           0.00042344572209078327,
           0.001365597385923235,
           0.0014004509393552712,
           0.0013993806936480862,
           0.9999988433762029,
           0.0005540196997152624,
           0.0011652243885190029,
           0.001248874321730448,
           0.00051907997206679,
           0.0005202751768691777,
           0.0009462779260580682,
           0.00046676474292850386,
           0.0016218870753022991,
           0.001137818943590694,
           0.001338307108118104
          ],
          [
           0.0011106985061383047,
           0.0002694427959934218,
           0.0012978946686123059,
           0.0010339260236937643,
           0.0014762654295287275,
           0.000677869145080011,
           0.0008762827240170539,
           0.001089731965955953,
           0.0005825352250572076,
           0.0011899212936841749,
           0.9999986313134285,
           0.0007829382538187835,
           0.0008667136151099589,
           0.0014959761656615689,
           0.000657498557468284,
           0.00042692981792771784,
           0.00152423043788648,
           0.0012959440976831505,
           0.000378127097337952,
           0.0007842615447250928
          ],
          [
           0.0017099364532842441,
           0.0008858677237482517,
           0.0005457321103866744,
           0.0004819882822580273,
           0.0016007481042486043,
           0.0005944131528497333,
           0.00090575007156793,
           0.0014988290916341893,
           0.0012238928947191998,
           0.0010308078410696461,
           0.0003212065115976217,
           0.9999981498332668,
           0.0014893076957585342,
           0.0012979139790999501,
           0.0005997807427692663,
           4.034672841863583e-05,
           0.001239761372071474,
           0.00042566229762693177,
           0.0007585438696113906,
           0.0006416190395017213
          ],
          [
           0.0012765508846959619,
           0.0012364090230327582,
           0.0008124472321424033,
           0.0005019408366052166,
           0.0012237607776280576,
           0.0001928060571444175,
           0.0010220458569849572,
           0.0011950620709540376,
           0.00184446647747917,
           0.000606977838633353,
           0.00010529487798784645,
           0.0008365649277911381,
           0.999998451588928,
           0.0004656086251881422,
           0.0016132553691691792,
           0.0008714545703717696,
           0.00030873557652029817,
           0.0006239128730344576,
           0.00108472676674696,
           0.0014148992117725364
          ],
          [
           0.0017027394481069487,
           0.0013767169339339417,
           0.0013820567190144983,
           0.0014809360105337364,
           0.0006293900028677118,
           0.0008746659244503943,
           0.0010809005456890281,
           0.00028223340421002895,
           0.0005349849563139127,
           0.0007850368563748214,
           0.0013546140740622902,
           0.0012001196920766212,
           0.0002859406341763943,
           0.9999980893428598,
           0.00012345253797525467,
           0.0008574952904896596,
           0.0001447017956298977,
           0.0003747681798351394,
           0.0009824568187053629,
           0.0012294930929792752
          ],
          [
           0.0012273362863026089,
           0.0008302255085676811,
           0.0004645279827324201,
           0.0013444874636277632,
           0.0010368829927326277,
           0.0003589839146720463,
           0.0007834516303118643,
           0.0009610380702850475,
           0.001353995076975889,
           0.00037040080547184255,
           0.0012447535963127042,
           0.0012527377089816983,
           0.0012178148876900359,
           0.001362950105008347,
           0.9999983951138768,
           0.0005708396918063352,
           0.0010797063642277768,
           0.0013581045754915144,
           0.000575433315460548,
           0.00019267716039653594
          ],
          [
           0.0008373578147504317,
           0.0004992881644381909,
           0.0016508240135165886,
           0.00046699699852888735,
           0.0007240835552588205,
           0.0015603413937403344,
           0.0005501887693111538,
           0.0006651176604191632,
           0.0012205712729592814,
           0.001717251189712152,
           0.0009032512461216379,
           0.0007863520373379388,
           0.0013623051698971231,
           0.0007157024673956712,
           0.00021253199407361226,
           0.9999980226802877,
           0.0007607923858401987,
           0.0005432675657260634,
           0.001469268394695708,
           0.0010457426110808397
          ],
          [
           0.0005316420965109182,
           0.000544305059993491,
           0.000356483530346308,
           0.001104185535323358,
           0.0004727811217077143,
           0.000655810971717037,
           0.0009461604215695353,
           0.0009371706959634459,
           0.0009624819610904927,
           0.00013238513939065302,
           0.0010627018342689353,
           0.000992067763490665,
           0.0006134178046747427,
           0.0013919888391198717,
           0.001438922056950154,
           0.000843103729444619,
           0.9999993443855372,
           0.0012393254072354698,
           0.0012462036038498993,
           0.0009998257517424948
          ],
          [
           0.000700766862960076,
           0.0006903981700373713,
           0.0011955312427999602,
           0.0009786289265041636,
           0.0014428452706493785,
           0.00039638347198633016,
           0.0009290957283098664,
           0.0008533986017549876,
           0.0013517640892398537,
           0.0008410030956452164,
           0.0016099111446837607,
           0.0007169394061377159,
           0.0014986256078347556,
           0.0008336900255754417,
           0.00012252500022588968,
           0.0005040156585028308,
           0.0009503254508513521,
           0.9999982856804407,
           0.0015413013599512072,
           0.0006005071672010759
          ],
          [
           0.0009726943039827067,
           0.0010247406424367218,
           0.0010271436080896154,
           0.0010123465749533747,
           0.0001527018748754636,
           0.0012530934015021946,
           0.0006211667247210793,
           0.0009910831045270882,
           0.0009863969326617148,
           0.0014236657469031513,
           0.0011671836174517655,
           0.0010044821644910734,
           0.0008450655813842823,
           0.001608605269433718,
           0.0010407449224838544,
           0.0010981887012422827,
           0.001391339414506625,
           0.0015648522724295893,
           0.9999971839330687,
           0.0007796216586553967
          ],
          [
           0.0002541994995271063,
           0.00048236809748778336,
           0.0012882977783343083,
           0.0009874454842151474,
           0.001523109557934651,
           0.0008071515698265719,
           0.0015338951017246907,
           0.0005743056132426055,
           0.0012667481564886474,
           0.0015223682520561894,
           0.0005950515268991248,
           0.0009099003940105379,
           0.000844269090807835,
           0.0006074686444726591,
           0.0009896735291461262,
           0.0011093447015081068,
           0.0009293355730228092,
           0.001445786551935884,
           0.0012658572728268674,
           0.9999987587545097
          ],
          [
           0.9999982980780183,
           0.000556161915030206,
           0.001010832326711169,
           0.0007942101635738688,
           0.0018663342293982136,
           0.0013103520661400807,
           0.0006355626050637707,
           0.001302684382860722,
           0.0018810087464492843,
           0.0008504121213948638,
           0.0011711668423273756,
           0.0009400404234741828,
           0.0012512074551197928,
           0.0008648872053347252,
           0.001341771927474944,
           0.0007795165080574086,
           0.0009668427327926104,
           0.001140430877244668,
           0.0013627049463038477,
           0.0009656881296547659
          ],
          [
           0.0017301526755122297,
           0.9999977680691076,
           0.0006362603442856315,
           0.0011363755675233777,
           0.0008674737751851364,
           0.0017240221481508167,
           0.001004835244815657,
           0.0012007648369570677,
           0.0013718383574989126,
           0.0007358490029240102,
           0.0010576935966139667,
           0.0011721787968763068,
           0.0013851290428243965,
           0.0009326537992366279,
           0.0014304129870555554,
           0.0012869289818784127,
           0.0007425107157348623,
           0.0005054294829723153,
           0.0014549205860917768,
           0.0017225043463356406
          ],
          [
           0.0008458792049732241,
           0.000988751452154386,
           0.9999982703921619,
           0.00040895036685131825,
           0.0018019816706125505,
           0.0009672009099059332,
           0.0006586378176753252,
           0.0009769985511404555,
           0.001120806413512586,
           0.0011980996518776335,
           0.0011075109000322748,
           0.0013583826148182486,
           0.0010054831010708986,
           0.000613282833851294,
           0.0006730725354410185,
           0.0010693315503156314,
           0.0010163686665370744,
           0.001034516613330278,
           0.0012949248466051866,
           0.0016872838133486269
          ],
          [
           0.0011075534860222384,
           0.0009000007112053014,
           0.0012533230679418945,
           0.9999984183269915,
           0.0013093423040353455,
           0.0010325991765211535,
           0.0011418976931053748,
           0.0011777204727107544,
           0.0007856011377758638,
           0.0009162250721459298,
           0.0007934608604132766,
           0.0012334310228468025,
           0.0012039042073921976,
           0.00046755098161149105,
           0.0013841988602829535,
           0.0007723281783812627,
           0.0010548010358771643,
           0.0013166471279462994,
           0.001046743181238472,
           0.0014206162749353152
          ],
          [
           0.0018408976515570305,
           0.00048237754897486224,
           0.00041022903459056546,
           0.0008830057723294822,
           0.999999112384211,
           0.0006277150415845805,
           0.0008675147451168145,
           0.0010344469253999503,
           0.0011179628232994687,
           0.0012361620455137734,
           0.001171905490114957,
           0.0005093190204228827,
           0.0015941418447529968,
           0.0005843338745675185,
           0.0005783392869937486,
           0.001651667965315525,
           0.0003796189544407644,
           0.0013198503810133632,
           0.0015529179526387784,
           0.0012481648359730683
          ]
         ]
        },
        {
         "marker": {
          "color": "red"
         },
         "mode": "lines",
         "type": "scatter",
         "x": [
          19,
          19,
          19,
          19,
          19,
          19,
          18,
          17,
          16,
          15,
          14,
          13,
          12,
          11,
          10,
          9,
          8,
          7,
          6,
          5,
          4,
          3,
          2,
          1,
          0
         ],
         "xaxis": "x3",
         "y": [
          19,
          18,
          17,
          16,
          15,
          14,
          13,
          12,
          11,
          10,
          9,
          8,
          7,
          6,
          5,
          4,
          3,
          2,
          1,
          0,
          0,
          0,
          0,
          0,
          0
         ],
         "yaxis": "y3"
        },
        {
         "cells": {
          "align": [
           "center"
          ],
          "fill": {
           "color": "white"
          },
          "values": [
           [
            "0.85",
            "1.00",
            "0.60"
           ]
          ]
         },
         "domain": {
          "x": [
           0.26666666666666666,
           0.42500000000000004
          ],
          "y": [
           0,
           0.5
          ]
         },
         "header": {
          "fill": {
           "color": "white"
          },
          "values": [
           "Offset"
          ]
         },
         "type": "table"
        },
        {
         "coloraxis": "coloraxis",
         "hovertemplate": "x: %{x}<br>y: %{y}<br>color: %{z}<extra></extra>",
         "name": "0",
         "type": "heatmap",
         "xaxis": "x4",
         "yaxis": "y4",
         "z": [
          [
           0.9999983550535347,
           0.00044430737192257343,
           0.001469928654910459,
           0.0013300177003631672,
           0.0009639284248401581,
           0.0015905656810985414,
           0.0010338564568718573,
           0.0014018569143669124,
           0.0012129170198542192,
           0.000755347820791147,
           0.0001633512820204624,
           0.0005192258220431686,
           0.0016689079947452253,
           0.0012675027417442645,
           0.0009308648700618736,
           0.0010916449091998243,
           0.0008534516969290201,
           0.0007733339977083519,
           0.00038573178741063165,
           0.0005114257701747205
          ],
          [
           0.0014228810665442133,
           0.9999986459674065,
           0.0014350558581250985,
           0.0014715535938674845,
           0.0005214492479275841,
           0.0013765959962426999,
           0.001779309446893612,
           0.0013409747895536883,
           0.001615228933757547,
           0.0011420824477446875,
           0.0013340482488322662,
           0.0013001998601240247,
           0.0005024526128148807,
           0.0009015392852176325,
           0.0019111265334583849,
           0.0018055846194612796,
           0.0011974283475077914,
           0.0015265599754572194,
           0.0013766752174031005,
           0.0006343683673228657
          ],
          [
           0.0013624719858042124,
           0.9999990950096678,
           0.0016468067813759047,
           0.0008058538079520369,
           0.0006642003835863976,
           0.0014357986676821837,
           0.0012996249566890419,
           0.0008611219080946489,
           0.0009717617035046919,
           0.0005787727200937425,
           0.0007707401847806607,
           0.001234278292537293,
